22.85954
23.00742
23.13158
23.14505
23.17514
23.14989
23.20609
23.23369
23.28823
23.32418
23.29413
23.3482
23.35579
23.4787
23.5563
23.69707
23.82611
24.05609
24.26585
24.44655
24.55891
24.68368
24.83229
24.88409
24.93561
25.04222
25.11726
25.17127
25.21876
25.26802
25.32085
25.37642
25.43633
25.50099
25.55932
25.58091
25.5911
25.60123
25.58823
25.63106
25.6704
25.62503
25.68485
25.72496
25.70427
25.67696
25.6669
25.63886
25.6187
25.65075
25.7393
25.88015
25.99652
26.05419
26.11547
26.35661
26.5034
26.51291
26.5081
26.52068
26.55944
26.61042
26.61567
26.60701
26.58093
26.57203
26.57879
26.59402
26.61005
26.62065
26.62885
26.63194
26.62895
26.62686
26.61061
26.59146
26.56978
26.55993
26.55523
26.55366
26.55244
26.55589
26.56268
26.56695
26.57099
26.57081
26.57475
26.58648
26.59733
26.61144
26.62205
26.62214
26.62399
26.62599
26.63184
26.62835
26.62318
26.61968
26.61395
26.60817
26.61909
21.41065
21.55255
21.65948
21.6716
21.685
21.69138
21.75514
21.81401
21.90101
21.94058
21.89019
21.98959
21.99989
22.09026
22.15912
22.31225
22.43899
22.68413
22.90174
23.0645
23.13653
23.2495
23.38693
23.4479
23.50978
23.62541
23.71161
23.77278
23.83402
23.89508
23.94065
23.98282
24.0187
24.06946
24.10962
24.12311
24.12178
24.1225
24.10753
24.14269
24.21195
24.23984
24.38536
24.46697
24.54834
24.51318
24.46854
24.4116
24.43238
24.44481
24.5437
24.62866
24.63226
24.59154
24.60583
24.83159
24.95634
24.96749
24.99685
25.00156
25.02191
25.0561
25.0548
25.04432
25.01928
25.0108
25.01824
25.0337
25.04967
25.0611
25.06886
25.07095
25.0681
25.06733
25.0521
25.03363
25.01174
25.00121
24.99639
24.99597
24.99467
24.99726
25.00368
25.0081
25.0134
25.01376
25.01881
25.03135
25.04318
25.05747
25.06817
25.06846
25.07058
25.07281
25.07838
25.07512
25.07044
25.06734
25.0618
25.05592
25.06593
20.07457
20.15735
20.2352
20.29156
20.24701
20.28147
20.3688
20.47052
20.55857
20.59594
20.62366
20.75728
20.76884
20.82597
20.87206
21.00631
21.16043
21.35459
21.50855
21.60207
21.58303
21.66172
21.75251
21.82607
21.85614
21.98923
22.08534
22.1365
22.19484
22.26228
22.32706
22.37632
22.42663
22.47631
22.49954
22.49864
22.49051
22.46331
22.44082
22.505
22.58973
22.70355
22.82332
22.83782
22.90191
22.93474
22.91698
22.86683
22.87266
22.8676
22.89548
22.86139
22.86355
22.85252
22.89461
23.04667
23.13943
23.1442
23.15133
23.14593
23.14985
23.1592
23.14955
23.1368
23.11464
23.11069
23.12123
23.13437
23.14539
23.1578
23.16472
23.16451
23.16146
23.16213
23.15306
23.13978
23.1202
23.11053
23.1126
23.13494
23.14887
23.15429
23.15796
23.16376
23.17673
23.19065
23.20348
23.22328
23.23548
23.24105
23.24215
23.24331
23.24398
23.24592
23.24648
23.243
23.23847
23.23969
23.24278
23.24301
23.24599
19.08917
19.1212
19.13829
19.19391
19.14102
19.16205
19.20115
19.30145
19.38742
19.4782
19.54479
19.63299
19.65283
19.68016
19.68621
19.75628
19.86798
20.01649
20.1399
20.20838
20.1434
20.21038
20.24115
20.30994
20.33672
20.44342
20.52606
20.58637
20.66837
20.7562
20.83149
20.87439
20.90312
20.94335
20.95826
20.96205
20.97964
21.00874
21.0319
21.08743
21.13315
21.1717
21.24799
21.25287
21.25799
21.2949
21.29948
21.29046
21.26653
21.31485
21.28815
21.26004
21.29455
21.31715
21.37559
21.41996
21.46067
21.45051
21.47061
21.49175
21.50427
21.51378
21.49672
21.48725
21.48952
21.52101
21.551
21.56849
21.57777
21.59818
21.61407
21.62562
21.62778
21.62366
21.62184
21.62311
21.63585
21.65006
21.68661
21.73509
21.76239
21.76647
21.76339
21.77009
21.79819
21.84111
21.86815
21.89709
21.9087
21.90047
21.89102
21.89758
21.8945
21.88504
21.86976
21.84679
21.84122
21.85712
21.86978
21.88478
21.88812
18.10722
18.11945
18.10284
18.10063
18.07516
18.11818
18.12359
18.20813
18.28642
18.40242
18.46258
18.52256
18.5548
18.55172
18.52818
18.54097
18.60919
18.72305
18.83115
18.91437
18.86588
18.91459
18.92849
19.02569
19.0845
19.12442
19.1505
19.22546
19.33382
19.44461
19.51162
19.53381
19.53366
19.56692
19.58673
19.61007
19.66387
19.74228
19.80103
19.81639
19.83226
19.83183
19.91509
19.94223
19.88738
19.908
19.95667
19.98969
19.95389
20.06459
19.98116
20.02784
20.03841
20.05067
20.10027
20.11209
20.10774
20.12101
20.16838
20.20815
20.22736
20.23704
20.23209
20.24706
20.29076
20.35284
20.39345
20.4175
20.44098
20.47116
20.49742
20.52325
20.53448
20.52858
20.53142
20.54295
20.58796
20.63093
20.68802
20.72307
20.73654
20.73066
20.72513
20.73844
20.77238
20.81857
20.84145
20.87
20.88762
20.88878
20.8958
20.90508
20.90186
20.89066
20.87224
20.85553
20.84328
20.84844
20.86094
20.88395
20.88956
17.08394
17.10294
17.07183
17.00835
16.99905
17.05907
17.05762
17.11297
17.17886
17.29677
17.3673
17.40414
17.44305
17.4288
17.38914
17.37751
17.41063
17.47459
17.54968
17.65327
17.65496
17.70446
17.74774
17.88814
17.9477
17.927
17.91024
17.97835
18.08645
18.20171
18.25855
18.26834
18.2642
18.30182
18.33618
18.38098
18.46574
18.51466
18.56358
18.59727
18.60486
18.61802
18.72604
18.78087
18.71899
18.72711
18.81746
18.88564
18.89087
19.03096
18.91534
18.99401
18.9816
18.96404
18.9673
18.97284
18.96033
19.03718
19.10028
19.13865
19.14944
19.1447
19.17013
19.22027
19.28914
19.34541
19.37357
19.39566
19.43285
19.46564
19.49177
19.5173
19.5347
19.53778
19.55065
19.56637
19.60953
19.6562
19.69904
19.71725
19.72045
19.71284
19.71192
19.73709
19.76381
19.79621
19.80938
19.84205
19.86934
19.88262
19.91055
19.91743
19.91671
19.91788
19.9157
19.93429
19.91714
19.89709
19.92699
19.95885
19.9593
16.06702
16.10068
16.04866
15.96016
15.93841
15.98967
16.00935
16.04513
16.08152
16.18691
16.28712
16.3065
16.34127
16.31502
16.27423
16.28683
16.28162
16.27407
16.33719
16.4354
16.49405
16.58397
16.62354
16.76152
16.75849
16.72399
16.7258
16.81144
16.88801
16.98347
17.04326
17.07675
17.11309
17.16526
17.21065
17.2642
17.37757
17.39186
17.38828
17.44696
17.45131
17.47294
17.53781
17.64854
17.59898
17.61326
17.65903
17.78325
17.88603
17.96164
17.93092
18.02487
17.97904
17.94221
17.88553
17.89131
17.95553
18.03751
18.09363
18.11846
18.12043
18.13099
18.17068
18.22664
18.27485
18.31734
18.34212
18.36306
18.38875
18.41955
18.44048
18.46416
18.48574
18.50475
18.53651
18.5662
18.59849
18.61815
18.62968
18.64254
18.64363
18.63647
18.63114
18.64857
18.67257
18.70378
18.72511
18.75045
18.77779
18.80106
18.83882
18.86065
18.87666
18.88969
18.89619
18.90048
18.89655
18.89059
18.91109
18.93697
18.96267
15.09882
15.1325
15.04902
14.95787
14.95216
15.00092
15.0076
15.01247
15.0479
15.13557
15.24644
15.26512
15.28062
15.22485
15.19583
15.20494
15.16936
15.14392
15.19873
15.27015
15.36652
15.46362
15.46195
15.5928
15.56857
15.57035
15.56848
15.65004
15.70901
15.78544
15.85074
15.90398
15.96601
16.01061
16.05562
16.09867
16.15515
16.21922
16.24361
16.30716
16.2966
16.33893
16.38317
16.44788
16.44602
16.47341
16.52351
16.64975
16.78538
16.82633
16.85547
16.90515
16.883
16.86425
16.78815
16.78697
16.87408
16.96729
17.03187
17.05614
17.05691
17.07158
17.10726
17.15461
17.19243
17.22849
17.25644
17.28428
17.30961
17.34088
17.3632
17.39025
17.41346
17.43509
17.4693
17.50513
17.53709
17.54823
17.54769
17.55333
17.55092
17.54745
17.54066
17.55961
17.59042
17.62625
17.65271
17.67551
17.70115
17.72883
17.76297
17.78709
17.80596
17.82002
17.82827
17.82639
17.83245
17.83522
17.85112
17.87169
17.9001
14.14796
14.17641
14.05763
13.97177
13.99237
14.04103
14.02256
13.99263
14.03748
14.10561
14.22006
14.24467
14.23581
14.14395
14.13136
14.12731
14.06418
14.04109
14.08986
14.12685
14.25326
14.34415
14.28597
14.40713
14.37886
14.43854
14.4227
14.49047
14.53779
14.59534
14.66702
14.73808
14.81926
14.84684
14.88704
14.91128
14.87076
15.02402
15.11191
15.17102
15.14003
15.20889
15.24368
15.21152
15.27649
15.32088
15.39932
15.5012
15.63959
15.65951
15.73717
15.71295
15.74143
15.75861
15.68262
15.67192
15.75479
15.86203
15.94242
15.97243
15.97572
15.98888
16.01148
16.04313
16.0759
16.10939
16.14387
16.18258
16.21295
16.24581
16.27277
16.30583
16.32943
16.34707
16.37543
16.41343
16.45035
16.46228
16.45935
16.45673
16.45003
16.45173
16.44487
16.47001
16.51257
16.55602
16.58593
16.60842
16.63137
16.66066
16.68445
16.70461
16.71936
16.72887
16.7352
16.7313
16.7457
16.75446
16.76846
16.78414
16.80335
13.1173
13.13614
13.01224
13.04627
13.05441
13.06973
13.03415
12.99831
13.03553
13.07516
13.18215
13.18297
13.14037
13.06259
13.07767
13.03127
12.97853
12.98974
13.00681
13.02905
13.14851
13.2177
13.17277
13.23238
13.18917
13.25828
13.25412
13.3041
13.34862
13.38612
13.44933
13.50987
13.58887
13.62655
13.67647
13.69787
13.68808
13.82386
13.89441
13.94353
13.98356
14.07583
14.09914
14.07623
14.12963
14.17148
14.22969
14.30855
14.43016
14.44346
14.53786
14.51158
14.54953
14.6051
14.55604
14.53299
14.61267
14.72962
14.81507
14.84332
14.84278
14.852
14.86876
14.8985
14.93215
14.9567
14.98303
15.01621
15.04747
15.0807
15.10492
15.1327
15.15336
15.17636
15.2095
15.25031
15.28408
15.2969
15.29635
15.30212
15.30678
15.31701
15.3195
15.35127
15.39473
15.43401
15.46326
15.48556
15.50925
15.53668
15.5556
15.57403
15.58723
15.59442
15.59891
15.59284
15.60553
15.61828
15.63819
15.65998
15.67759
12.08184
12.09078
11.9635
12.12404
12.11746
12.09754
12.04567
12.00603
12.03434
12.04484
12.14362
12.11857
12.04135
11.98089
12.02478
11.93425
11.89475
11.94266
11.92614
11.93527
12.04443
12.08948
12.06486
12.05715
11.99869
12.07206
12.08296
12.11488
12.15724
12.17434
12.22747
12.27436
12.34875
12.39927
12.46015
12.48054
12.51969
12.62245
12.66618
12.70419
12.82668
12.94199
12.95341
12.95773
12.98598
13.02171
13.05289
13.10907
13.2124
13.2204
13.32725
13.30883
13.35016
13.44454
13.42608
13.39039
13.46708
13.59309
13.68205
13.70724
13.70188
13.70673
13.71881
13.74879
13.78417
13.79857
13.81424
13.83918
13.87064
13.90408
13.92437
13.94501
13.96214
13.99192
14.03157
14.07526
14.10446
14.11815
14.12067
14.13757
14.15611
14.17544
14.1889
14.22744
14.27004
14.30317
14.33119
14.35361
14.37873
14.40367
14.4185
14.43539
14.44732
14.45252
14.45521
14.44701
14.45619
14.47251
14.49971
14.52958
14.54701
10.93845
10.96158
10.96115
11.12282
11.09875
11.058
11.00975
10.98232
11.02047
11.01943
11.1071
11.0247
10.95859
10.90578
10.91902
10.86466
10.84007
10.90477
10.86373
10.85293
10.92293
10.96921
10.95169
10.91189
10.88394
10.92976
10.94539
10.97593
11.01406
11.02416
11.06468
11.10148
11.15984
11.1971
11.24242
11.25497
11.28926
11.37477
11.40682
11.48022
11.59504
11.71268
11.73258
11.74323
11.76087
11.79164
11.82427
11.8704
11.95639
11.99807
12.07034
12.04751
12.08769
12.19947
12.21745
12.18882
12.266
12.37858
12.45823
12.48581
12.4842
12.49295
12.5089
12.546
12.58348
12.59411
12.60338
12.62361
12.65435
12.6872
12.70756
12.72645
12.7397
12.7673
12.80346
12.84529
12.8719
12.88646
12.89196
12.91172
12.93517
12.95947
12.97785
13.01393
13.04919
13.07149
13.09261
13.10954
13.1333
13.15855
13.17889
13.19705
13.20899
13.21699
13.22271
13.22159
13.23221
13.25052
13.27693
13.30496
13.32162
9.78334
9.823204
9.963801
10.11315
10.07127
10.01127
9.96882
9.955153
10.00549
9.994851
10.07086
9.926889
9.876719
9.830566
9.806267
9.799161
9.788928
9.867872
9.803235
9.771458
9.798124
9.850184
9.83656
9.771616
9.781125
9.79348
9.812019
9.84384
9.877281
9.882833
9.910751
9.938559
9.979156
9.998755
10.02393
10.02704
10.04523
10.11751
10.14104
10.25921
10.34941
10.46578
10.49746
10.50896
10.51963
10.54601
10.58539
10.62363
10.6923
10.77336
10.80308
10.773
10.81104
10.93581
10.99143
10.97409
11.05241
11.14646
11.21394
11.24518
11.24922
11.26359
11.28528
11.33091
11.37039
11.37872
11.38258
11.39896
11.42876
11.46078
11.48212
11.5006
11.50997
11.53337
11.56373
11.60259
11.62698
11.64227
11.65054
11.6711
11.69731
11.72561
11.74743
11.77878
11.80503
11.81528
11.828
11.83799
11.8598
11.88606
11.91428
11.93432
11.94654
11.95848
11.96835
11.97646
11.98967
12.00954
12.03321
12.05686
12.07245
8.614291
8.673361
8.87465
8.984023
8.958522
8.906933
8.878985
8.88268
8.948205
8.946564
9.021101
8.852257
8.804975
8.780066
8.741687
8.743896
8.738315
8.825027
8.73398
8.681719
8.678139
8.732042
8.713738
8.649466
8.67837
8.675406
8.690256
8.711199
8.738811
8.74504
8.765024
8.784516
8.814314
8.819957
8.824531
8.8156
8.818747
8.870986
8.879237
9.005472
9.081639
9.189511
9.229292
9.245018
9.257326
9.283624
9.330538
9.366574
9.414107
9.537482
9.533286
9.494504
9.525792
9.641848
9.715775
9.711712
9.787078
9.869745
9.927289
9.958592
9.966735
9.984798
10.00939
10.05949
10.10472
10.11805
10.12246
10.13701
10.16459
10.19578
10.21914
10.23846
10.2479
10.27066
10.29792
10.33372
10.35579
10.37029
10.37884
10.39675
10.42138
10.44962
10.47325
10.50276
10.52559
10.53212
10.54073
10.54654
10.56454
10.5871
10.61494
10.63396
10.64593
10.66199
10.67597
10.69184
10.70811
10.72984
10.7517
10.77146
10.7859
7.43428
7.514288
7.713328
7.76085
7.778585
7.756913
7.749715
7.773025
7.856013
7.878504
7.959902
7.796071
7.741255
7.751578
7.718462
7.695918
7.687773
7.776691
7.657008
7.584435
7.561934
7.614409
7.583416
7.542585
7.573269
7.573069
7.577662
7.57621
7.597051
7.608417
7.62466
7.63697
7.663291
7.659369
7.643755
7.621192
7.611338
7.636492
7.622209
7.719501
7.791861
7.883812
7.927773
7.950044
7.973028
8.003492
8.058126
8.097898
8.12114
8.289986
8.260418
8.211635
8.23094
8.314587
8.385379
8.396133
8.463296
8.542073
8.591873
8.618827
8.628931
8.648066
8.672002
8.721702
8.777004
8.804073
8.816019
8.831043
8.854639
8.884775
8.911229
8.932817
8.946986
8.973302
9.000468
9.032958
9.0526
9.064522
9.070469
9.081695
9.099651
9.122919
9.146334
9.17739
9.203416
9.216346
9.226
9.230841
9.242408
9.255296
9.272263
9.286742
9.297927
9.318536
9.336754
9.358591
9.378263
9.401908
9.422856
9.43912
9.452197
6.254268
6.355216
6.552007
6.537679
6.598647
6.606892
6.620444
6.663369
6.763822
6.810445
6.898704
6.739885
6.677536
6.72309
6.695237
6.647941
6.637231
6.728356
6.580035
6.487151
6.445729
6.496777
6.453094
6.435706
6.468169
6.470732
6.465067
6.441222
6.455292
6.471793
6.484296
6.489423
6.512268
6.498782
6.462979
6.426784
6.40393
6.401999
6.36518
6.43353
6.502081
6.578113
6.626254
6.655069
6.68873
6.723361
6.785715
6.829223
6.828174
7.042489
6.987551
6.928764
6.936087
6.987326
7.054982
7.080554
7.139515
7.214401
7.256457
7.279062
7.291126
7.311332
7.334611
7.383913
7.449285
7.490096
7.509575
7.525079
7.544688
7.573774
7.603322
7.627177
7.646076
7.675941
7.703018
7.732199
7.749405
7.758752
7.762094
7.76664
7.777926
7.79622
7.819416
7.852015
7.881237
7.900575
7.911275
7.915137
7.92028
7.923491
7.929588
7.939524
7.949923
7.975082
7.997535
8.025347
8.048414
8.073977
8.094011
8.106784
8.118497
5.246844
5.296362
5.397021
5.33283
5.3638
5.397672
5.434782
5.476014
5.575364
5.645988
5.731391
5.599231
5.553471
5.602273
5.588114
5.549388
5.528921
5.619493
5.478771
5.404836
5.369078
5.398629
5.365876
5.366994
5.384572
5.381371
5.35993
5.332703
5.326632
5.326377
5.32758
5.317889
5.313827
5.304148
5.284697
5.269115
5.25486
5.243119
5.19329
5.244802
5.307458
5.357845
5.377817
5.395644
5.43088
5.469257
5.525857
5.565752
5.557138
5.801681
5.727619
5.6661
5.654704
5.700504
5.766528
5.787784
5.834469
5.89994
5.936919
5.960684
5.978017
6.004001
6.027812
6.067774
6.119692
6.154983
6.174878
6.187485
6.202707
6.232546
6.266326
6.294854
6.315614
6.343053
6.362189
6.382317
6.394488
6.401046
6.402473
6.405784
6.415468
6.432313
6.454952
6.484027
6.509231
6.525816
6.53468
6.538639
6.546135
6.552569
6.561497
6.571129
6.579445
6.600766
6.620192
6.648229
6.671005
6.695924
6.715708
6.728611
6.739651
4.24573
4.241239
4.242034
4.128808
4.126693
4.186064
4.246595
4.285268
4.382748
4.477204
4.558112
4.454468
4.42698
4.476406
4.476109
4.448069
4.417601
4.507141
4.37598
4.323215
4.295036
4.301247
4.282021
4.30142
4.302864
4.293459
4.256094
4.227282
4.200152
4.181644
4.170981
4.145673
4.112375
4.10727
4.10686
4.114562
4.110749
4.091726
4.030166
4.065975
4.122451
4.146061
4.134956
4.140343
4.175807
4.217693
4.267018
4.302268
4.28747
4.561599
4.469547
4.406481
4.375737
4.419479
4.484054
4.498384
4.532377
4.587619
4.619918
4.645638
4.668703
4.701246
4.725789
4.754926
4.789466
4.816011
4.83521
4.844429
4.855371
4.88634
4.924592
4.9582
4.980307
5.004202
5.013892
5.023825
5.030347
5.033968
5.033583
5.03664
5.045583
5.061542
5.083459
5.108064
5.12799
5.14014
5.146588
5.150804
5.162248
5.174229
5.188531
5.198594
5.204515
5.220316
5.235246
5.2623
5.284006
5.30773
5.327372
5.341058
5.351606
3.252698
3.200858
3.112454
2.959649
2.928651
3.008337
3.087218
3.12195
3.215406
3.329476
3.403006
3.325338
3.313712
3.363042
3.375769
3.357359
3.318007
3.404586
3.283791
3.250521
3.229321
3.213075
3.205853
3.241684
3.227441
3.212219
3.160965
3.130305
3.083652
3.047454
3.024737
2.984872
2.925242
2.924867
2.94196
2.970717
2.976181
2.950095
2.877792
2.897605
2.946912
2.944166
2.901955
2.893566
2.928375
2.97314
3.012572
3.042679
3.024797
3.323148
3.213264
3.148944
3.100677
3.141094
3.203016
3.21017
3.231132
3.275841
3.30323
3.330935
3.359842
3.398943
3.424134
3.442307
3.459379
3.477164
3.495701
3.501552
3.508181
3.540245
3.582939
3.621618
3.645062
3.665405
3.66566
3.665393
3.666268
3.666952
3.664757
3.667558
3.675741
3.690788
3.711975
3.732105
3.746755
3.754473
3.758508
3.762975
3.778365
3.795894
3.815568
3.826065
3.829592
3.83987
3.850303
3.876375
3.897011
3.919538
3.93904
3.953507
3.963562
2.328586
2.286011
2.201946
2.089002
2.061675
2.114085
2.17081
2.194993
2.269588
2.367003
2.409204
2.338529
2.332447
2.378251
2.395217
2.372641
2.332209
2.391999
2.303044
2.276991
2.259947
2.243129
2.22716
2.25444
2.234102
2.21459
2.172411
2.132144
2.085013
2.040549
2.00956
1.973579
1.930827
1.935683
1.949676
1.971183
1.971255
1.947032
1.88793
1.902068
1.940314
1.926427
1.861132
1.827959
1.848229
1.88791
1.888953
1.904291
1.91513
2.163282
2.04228
1.980488
1.954587
1.98271
2.019486
2.023485
2.02721
2.05785
2.077716
2.106768
2.143384
2.184635
2.207133
2.217869
2.223157
2.231188
2.245005
2.24972
2.255215
2.278585
2.312969
2.344449
2.360992
2.374261
2.371163
2.366345
2.361763
2.355997
2.349171
2.348703
2.354258
2.368273
2.386821
2.395574
2.401724
2.405404
2.413833
2.422777
2.440874
2.455608
2.471047
2.479263
2.481817
2.489889
2.497432
2.518142
2.534339
2.551647
2.566858
2.576442
2.585131
1.404474
1.371165
1.291439
1.218357
1.194699
1.219834
1.254403
1.268036
1.323771
1.404531
1.415404
1.351722
1.351183
1.393462
1.414666
1.387924
1.346412
1.379412
1.322299
1.303461
1.290574
1.273184
1.248468
1.267197
1.240765
1.216961
1.183857
1.133985
1.086377
1.033646
0.9943839
0.9622887
0.9364131
0.9465011
0.9573935
0.9716507
0.9663304
0.9439704
0.8980687
0.9065328
0.9337181
0.9086887
0.8203101
0.7623537
0.7680871
0.8026821
0.7653375
0.7659086
0.8054683
1.003423
0.8713127
0.812061
0.8085575
0.8244196
0.8360742
0.8369288
0.823424
0.8400353
0.852403
0.8829176
0.9273244
0.9708163
0.9906555
0.9940872
0.9877627
0.9860675
0.9951131
0.9986673
1.003053
1.017681
1.043654
1.067816
1.077361
1.083579
1.077264
1.068041
1.058066
1.045831
1.034361
1.030615
1.033556
1.046606
1.062581
1.059893
1.057455
1.05701
1.069937
1.083452
1.104283
1.116137
1.12721
1.133155
1.1348
1.140799
1.145544
1.160841
1.172533
1.18453
1.195331
1.199879
1.207125
