22.84569
22.92463
22.951
22.94666
22.9823
23.03432
23.1381
23.24328
23.4007
23.54267
23.70028
23.89065
24.01251
24.12121
24.20506
24.28497
24.34636
24.44233
24.56096
24.63869
24.72748
24.80097
24.88942
24.93264
24.97017
25.01653
25.05308
25.10785
25.18939
25.2459
25.32189
25.38052
25.4808
25.55345
25.60095
25.64028
25.75381
25.90097
25.98533
26.09798
26.20129
26.27673
26.29624
26.35676
26.4611
26.5928
26.7085
26.71547
26.68623
26.67652
26.69104
26.70655
26.71796
26.76884
26.93394
27.08263
27.11092
27.10174
27.07642
27.14556
27.26866
27.3645
27.37412
27.37335
27.37295
27.38176
27.39204
27.40752
27.4251
27.42424
27.4218
27.40994
27.4145
27.41966
27.43218
27.44027
27.44184
27.45199
27.4581
27.45223
27.45222
27.45103
27.4578
27.4547
27.44242
27.45771
27.46346
27.46283
27.46326
27.47811
27.49022
27.49064
27.49192
27.49188
27.49971
27.50414
27.51145
27.51819
27.51993
27.51785
27.52071
21.99061
21.99725
21.97006
21.96686
21.98921
22.04987
22.11216
22.14776
22.22027
22.2896
22.42465
22.62985
22.77274
22.89108
22.96141
23.02543
23.14425
23.22861
23.26806
23.29881
23.3373
23.45017
23.57782
23.63011
23.66548
23.71383
23.80683
23.91239
24.01945
24.07464
24.13606
24.21309
24.32854
24.42631
24.48685
24.554
24.70129
24.86419
24.91598
24.96845
25.07088
25.20621
25.30927
25.36347
25.37302
25.38676
25.42621
25.38299
25.33999
25.36214
25.38091
25.42308
25.41507
25.39352
25.50974
25.63937
25.66202
25.67923
25.67664
25.69797
25.77539
25.83514
25.83964
25.83461
25.83464
25.843
25.85301
25.8689
25.88505
25.88528
25.88356
25.87179
25.87753
25.88359
25.89684
25.90521
25.90707
25.91659
25.92174
25.91513
25.91476
25.91404
25.92169
25.92142
25.91125
25.92362
25.92834
25.92657
25.92702
25.94177
25.95334
25.955
25.95548
25.95508
25.96244
25.96846
25.97631
25.98339
25.98474
25.98231
25.98524
21.46109
21.43721
21.39758
21.31244
21.22994
21.2138
21.21334
21.20022
21.20833
21.20262
21.25956
21.43184
21.63679
21.82269
21.93523
22.02506
22.18649
22.32512
22.40442
22.45461
22.49809
22.58824
22.68544
22.75438
22.79498
22.78081
22.83472
22.95365
23.04188
23.08352
23.13185
23.20197
23.30782
23.38526
23.43928
23.50663
23.62376
23.70109
23.69066
23.71918
23.76082
23.79013
23.8291
23.80855
23.78081
23.76872
23.76162
23.72552
23.74633
23.826
23.84078
23.87599
23.86827
23.82188
23.88618
23.98267
23.98521
23.97501
23.95033
23.95416
23.98023
23.98407
23.98942
23.99349
23.98922
23.98953
23.99293
24.00645
24.02498
24.02704
24.02367
24.01031
24.02454
24.04421
24.06359
24.07459
24.0758
24.08298
24.08111
24.06467
24.06025
24.06958
24.09604
24.08758
24.08089
24.08477
24.08828
24.07896
24.07618
24.09113
24.08524
24.08891
24.08496
24.08529
24.09182
24.09865
24.10586
24.11677
24.12294
24.11588
24.11631
20.72764
20.70163
20.66544
20.59003
20.4765
20.42643
20.35752
20.29371
20.2543
20.18452
20.19468
20.28206
20.41864
20.5979
20.72618
20.81983
21.014
21.18937
21.33063
21.42883
21.45152
21.52446
21.60733
21.67189
21.70646
21.69192
21.71012
21.79902
21.84418
21.87331
21.92227
22.00681
22.0893
22.14454
22.19034
22.22863
22.30236
22.35324
22.36081
22.44388
22.45574
22.41205
22.37786
22.36048
22.34293
22.34986
22.40709
22.42553
22.49367
22.61126
22.59872
22.58015
22.56386
22.54815
22.55015
22.56428
22.53624
22.52181
22.50846
22.56925
22.48199
22.48678
22.49107
22.48523
22.48086
22.48159
22.49356
22.49939
22.5014
22.56486
22.52092
22.53429
22.55569
22.6119
22.66115
22.64819
22.65064
22.6559
22.65508
22.64484
22.62574
22.64687
22.70666
22.6731
22.67042
22.66669
22.68192
22.67249
22.66696
22.65481
22.63009
22.65537
22.65149
22.65543
22.66147
22.67143
22.6745
22.68397
22.69552
22.70098
22.70222
19.80769
19.78234
19.74695
19.68987
19.5952
19.53837
19.4413
19.34956
19.31018
19.24663
19.23464
19.28431
19.33757
19.43233
19.53887
19.6516
19.8512
20.00752
20.13425
20.23246
20.25162
20.31377
20.38236
20.4658
20.50343
20.51089
20.54488
20.63334
20.66884
20.69867
20.76707
20.87033
20.95278
20.99314
21.02393
21.046
21.06048
21.12999
21.14813
21.23848
21.25662
21.2266
21.19509
21.21735
21.24144
21.29275
21.36317
21.39118
21.45119
21.55945
21.53157
21.48271
21.45416
21.48143
21.464
21.40484
21.37506
21.36473
21.35928
21.35049
21.28692
21.33304
21.35012
21.3448
21.35394
21.36919
21.39224
21.39461
21.38187
21.43346
21.42208
21.46848
21.48681
21.54938
21.59187
21.58693
21.59838
21.60712
21.6138
21.63721
21.62595
21.64731
21.72454
21.6755
21.66918
21.6688
21.69882
21.69497
21.69573
21.67632
21.64494
21.66364
21.67587
21.686
21.69149
21.71623
21.72389
21.71935
21.72436
21.74759
21.76262
18.62792
18.61446
18.59663
18.56537
18.50933
18.46425
18.37665
18.28309
18.29039
18.26364
18.25293
18.30576
18.35751
18.39199
18.45862
18.56349
18.72502
18.8512
18.94887
19.0281
19.05111
19.09308
19.12937
19.23978
19.29764
19.31861
19.39051
19.49798
19.54325
19.58061
19.66883
19.7746
19.86324
19.89674
19.93046
19.97624
19.95267
20.00981
20.02421
20.07502
20.09287
20.08501
20.10517
20.15957
20.24303
20.33467
20.36568
20.36789
20.40466
20.49378
20.46158
20.4033
20.34548
20.39111
20.39877
20.34095
20.3374
20.33807
20.31531
20.14047
20.2577
20.29291
20.33784
20.39203
20.40828
20.42033
20.43355
20.43995
20.45878
20.38607
20.49231
20.53288
20.55791
20.59424
20.58429
20.64877
20.66793
20.68146
20.68295
20.72758
20.746
20.77018
20.84904
20.80396
20.78846
20.79804
20.83536
20.82631
20.83465
20.85766
20.80355
20.77071
20.80483
20.824
20.82747
20.86433
20.8884
20.87434
20.86964
20.88468
20.9162
17.28713
17.28284
17.27733
17.26938
17.2453
17.23302
17.20094
17.13257
17.18338
17.21078
17.23326
17.28635
17.34466
17.40325
17.41651
17.48112
17.59975
17.71272
17.79287
17.84788
17.87507
17.92513
17.97995
18.04459
18.0963
18.11664
18.21476
18.3294
18.37538
18.44398
18.54693
18.65488
18.75474
18.79579
18.86577
18.95015
18.8955
18.73174
18.82636
18.97213
19.00558
18.99844
19.02722
19.09473
19.18185
19.266
19.29327
19.29097
19.31497
19.38508
19.36788
19.32497
19.23893
19.2048
19.22387
19.26296
19.28428
19.3052
19.29489
19.19962
19.25038
19.27036
19.31191
19.37202
19.40042
19.42104
19.43503
19.44423
19.46667
19.45191
19.50331
19.53548
19.56957
19.61571
19.63214
19.67705
19.69528
19.70791
19.72053
19.7444
19.76827
19.80832
19.88429
19.86822
19.8352
19.85823
19.90019
19.89514
19.90184
19.91281
19.90422
19.89717
19.93517
19.94416
19.93388
19.95231
19.98783
19.98098
19.97052
19.97184
20.00241
16.01041
16.01863
16.02117
16.01313
15.99587
15.98948
15.99439
15.94711
16.02719
16.09174
16.14001
16.21683
16.30193
16.35807
16.36665
16.39864
16.47553
16.57432
16.64678
16.6965
16.72857
16.78039
16.86085
16.90395
16.96544
17.00202
17.09653
17.20899
17.25133
17.3204
17.39959
17.48006
17.56987
17.62379
17.68884
17.77441
17.71922
17.62701
17.72317
17.84314
17.86954
17.8751
17.92075
17.97888
18.04809
18.10362
18.16461
18.15639
18.18179
18.24097
18.23799
18.21648
18.14528
18.08747
18.09636
18.15027
18.17636
18.20761
18.22077
18.17435
18.18976
18.19831
18.23273
18.28871
18.32291
18.34596
18.36047
18.37419
18.39967
18.41402
18.44258
18.47498
18.51336
18.56364
18.59585
18.63543
18.65399
18.66695
18.68224
18.6972
18.7258
18.77279
18.84054
18.84419
18.80486
18.84711
18.89224
18.89044
18.89609
18.90792
18.9215
18.92979
18.97204
18.97282
18.95748
18.96355
18.99595
18.99268
18.98465
18.98903
19.0164
14.75945
14.7814
14.79019
14.77276
14.75272
14.7416
14.77594
14.74763
14.85149
14.94625
15.01654
15.12573
15.24605
15.29151
15.31791
15.32177
15.35527
15.43881
15.50713
15.55921
15.5959
15.64592
15.75443
15.78755
15.86702
15.92802
16.00495
16.11178
16.14808
16.20209
16.2386
16.27672
16.34507
16.41457
16.45439
16.52248
16.48285
16.62563
16.67757
16.70201
16.70819
16.73198
16.79809
16.8354
16.87541
16.89184
17.00528
16.99193
17.0263
17.07785
17.08845
17.09139
17.05717
17.00483
16.99352
17.01762
17.03692
17.07274
17.11563
17.09855
17.09754
17.09706
17.12231
17.16845
17.20476
17.22674
17.24162
17.26075
17.28882
17.31471
17.33994
17.37766
17.41748
17.46851
17.51012
17.5532
17.57294
17.58699
17.59987
17.61297
17.64596
17.69479
17.75127
17.76932
17.73012
17.7949
17.84232
17.84333
17.84822
17.86837
17.89003
17.90704
17.95387
17.94781
17.93272
17.93026
17.95091
17.9491
17.94827
17.96552
17.98826
13.52092
13.5494
13.55845
13.54805
13.54044
13.55518
13.58967
13.55969
13.65133
13.73084
13.81151
13.92339
14.06334
14.11366
14.15897
14.14238
14.18789
14.24883
14.31633
14.36412
14.41894
14.49164
14.60436
14.63254
14.69572
14.74668
14.83386
14.93221
14.98205
15.03501
15.06469
15.08389
15.12708
15.18858
15.21227
15.24097
15.2349
15.37661
15.41756
15.45749
15.47632
15.49673
15.56108
15.60365
15.66238
15.69078
15.77818
15.78544
15.82554
15.88192
15.90383
15.9182
15.91239
15.87577
15.85538
15.86796
15.88401
15.91909
15.96752
15.96254
15.95732
15.95693
15.98404
16.02716
16.06379
16.0855
16.10196
16.12479
16.15157
16.18273
16.21055
16.24995
16.28872
16.33478
16.37049
16.4104
16.43446
16.45358
16.4654
16.48374
16.52404
16.57451
16.61674
16.63479
16.57792
16.63661
16.69693
16.70922
16.72117
16.74351
16.77969
16.81283
16.8395
16.83415
16.81762
16.8196
16.83584
16.8349
16.83926
16.86532
16.89521
12.28357
12.31788
12.3267
12.325
12.33132
12.37466
12.40674
12.37236
12.44808
12.50817
12.59761
12.70951
12.86757
12.92265
12.98587
12.95028
13.0144
13.05117
13.11765
13.15982
13.23383
13.33251
13.44649
13.46974
13.51102
13.54647
13.64863
13.73873
13.80508
13.85957
13.8875
13.89099
13.90825
13.95737
13.96674
13.95275
13.9846
14.07689
14.11339
14.1931
14.23118
14.24416
14.30248
14.35466
14.44038
14.48977
14.5389
14.57165
14.61769
14.68071
14.71355
14.73696
14.75743
14.73812
14.71026
14.71479
14.7283
14.76154
14.81053
14.81383
14.80696
14.80854
14.83976
14.88119
14.91768
14.93931
14.95768
14.98393
15.00868
15.04373
15.07537
15.11553
15.15266
15.19246
15.21885
15.25416
15.28325
15.30837
15.31945
15.34459
15.39283
15.44488
15.47213
15.48682
15.40821
15.45423
15.53009
15.55564
15.57648
15.59947
15.6517
15.70279
15.70351
15.70064
15.68217
15.69147
15.70495
15.70479
15.71393
15.74786
15.78763
11.0589
11.10127
11.13785
11.16179
11.18359
11.21999
11.27338
11.24236
11.29661
11.3292
11.38165
11.48285
11.62349
11.67163
11.74206
11.71641
11.77439
11.80255
11.86106
11.89805
11.97491
12.06884
12.16978
12.20222
12.23584
12.2862
12.38384
12.46969
12.54446
12.59873
12.6276
12.62748
12.63637
12.68273
12.70338
12.6935
12.72053
12.7721
12.80138
12.88357
12.92362
12.94297
13.02407
13.08785
13.1725
13.23125
13.28106
13.32931
13.37793
13.43672
13.47239
13.49795
13.5339
13.53533
13.51782
13.51951
13.5315
13.55888
13.59753
13.60899
13.60664
13.61226
13.64435
13.68143
13.71518
13.73486
13.75413
13.77986
13.80482
13.84231
13.87605
13.91517
13.95049
13.98808
14.01418
14.04825
14.07799
14.10382
14.11627
14.14615
14.19698
14.24748
14.26845
14.29247
14.20173
14.25773
14.3281
14.35575
14.37768
14.40121
14.45254
14.50432
14.5005
14.50182
14.48716
14.50349
14.52503
14.5324
14.54316
14.57306
14.6064
9.836141
9.886772
9.95503
10.00696
10.04443
10.06868
10.14714
10.12135
10.15319
10.15707
10.16643
10.2548
10.37189
10.41019
10.48433
10.47104
10.51871
10.54111
10.59075
10.62317
10.69985
10.78256
10.86686
10.91066
10.94026
11.01147
11.09978
11.18107
11.26255
11.31587
11.34572
11.34404
11.34902
11.39584
11.43379
11.43956
11.44906
11.46308
11.48613
11.56136
11.5993
11.62858
11.74018
11.81666
11.89314
11.95743
12.01716
12.078
12.12819
12.18023
12.2164
12.2421
12.29068
12.31394
12.31167
12.31192
12.32267
12.34297
12.36796
12.38754
12.39163
12.40185
12.43382
12.46573
12.49603
12.51312
12.53286
12.55675
12.58251
12.62185
12.65706
12.69453
12.72791
12.76451
12.79302
12.82678
12.85562
12.88039
12.89486
12.9288
12.9804
13.02823
13.04571
13.08329
12.98354
13.05728
13.11485
13.14081
13.16109
13.18515
13.22981
13.27641
13.27537
13.28139
13.27243
13.29576
13.32903
13.34624
13.35755
13.37941
13.4008
8.638204
8.697008
8.780661
8.842181
8.886659
8.904581
8.99543
8.984709
9.01398
9.004162
8.985851
9.063683
9.159058
9.177523
9.234009
9.223433
9.255198
9.271351
9.324321
9.356344
9.431561
9.505502
9.565356
9.626497
9.653113
9.736
9.81488
9.885527
9.962605
10.01
10.04018
10.03984
10.04687
10.09035
10.14012
10.16057
10.1644
10.15736
10.17651
10.24011
10.27454
10.30717
10.43573
10.51855
10.59185
10.66038
10.72541
10.7946
10.84476
10.88815
10.92605
10.95634
11.01346
11.04901
11.057
11.05749
11.06852
11.08774
11.1071
11.13733
11.15068
11.16629
11.19805
11.22735
11.25697
11.27409
11.29472
11.31709
11.34311
11.3826
11.41766
11.45229
11.48366
11.51826
11.54741
11.57893
11.60677
11.63097
11.6487
11.6844
11.73455
11.77972
11.79729
11.84661
11.74298
11.83409
11.88187
11.90693
11.927
11.95048
11.98732
12.02723
12.02969
12.03955
12.0338
12.05952
12.09894
12.12133
12.13464
12.15228
12.16641
7.462463
7.529392
7.614079
7.668602
7.711956
7.729014
7.821017
7.834979
7.879595
7.870627
7.839556
7.909368
7.985124
7.974552
7.993326
7.974523
7.983818
7.993124
8.061196
8.096703
8.169546
8.237987
8.266801
8.352324
8.376065
8.460114
8.529114
8.582134
8.641706
8.676293
8.704971
8.70858
8.723473
8.759561
8.816077
8.850027
8.863511
8.857485
8.874602
8.919009
8.947942
8.97637
9.104639
9.185083
9.260764
9.331399
9.394869
9.466012
9.512866
9.545333
9.586661
9.626699
9.687278
9.722308
9.73323
9.73619
9.749519
9.775892
9.80068
9.844179
9.871033
9.892979
9.924356
9.954802
9.987815
10.00882
10.03086
10.05215
10.07746
10.11438
10.14693
10.17706
10.20654
10.23796
10.26515
10.29145
10.31792
10.3422
10.36492
10.39833
10.44328
10.4856
10.50891
10.567
10.46741
10.57457
10.61732
10.64266
10.66488
10.686
10.71314
10.74392
10.75091
10.76307
10.75656
10.77707
10.81359
10.83366
10.85135
10.87083
10.88557
6.286722
6.361776
6.447497
6.495025
6.537253
6.553447
6.646605
6.685248
6.745209
6.737093
6.693262
6.755054
6.811191
6.771581
6.752643
6.725612
6.712437
6.714897
6.798071
6.837061
6.90753
6.970471
6.968246
7.078152
7.099018
7.184229
7.243347
7.278742
7.320807
7.342584
7.369761
7.377316
7.400073
7.428773
7.492033
7.539488
7.562619
7.557609
7.572696
7.597906
7.621339
7.645574
7.773553
7.851614
7.929678
8.002417
8.064326
8.137424
8.180967
8.202516
8.247272
8.297062
8.3611
8.39561
8.409459
8.414891
8.430515
8.464042
8.494261
8.551031
8.591384
8.619671
8.650661
8.68225
8.718657
8.743553
8.767007
8.787199
8.811815
8.846164
8.876204
8.901835
8.929408
8.957662
8.982891
9.003972
9.029077
9.053422
9.081132
9.112253
9.152016
9.191485
9.22052
9.287397
9.191841
9.315047
9.35278
9.378391
9.402752
9.421526
9.438962
9.460611
9.472122
9.486583
9.479309
9.494624
9.528234
9.545983
9.56806
9.589375
9.604731
5.140408
5.180631
5.224356
5.250358
5.293775
5.318585
5.415622
5.473816
5.550409
5.561384
5.531757
5.58275
5.649562
5.610673
5.590924
5.54527
5.531538
5.532852
5.615132
5.654333
5.708369
5.758243
5.753115
5.856022
5.884264
5.937339
5.975938
6.006577
6.031239
6.043254
6.071863
6.089398
6.118029
6.148919
6.206778
6.255817
6.284544
6.290273
6.311187
6.32355
6.344571
6.365398
6.477048
6.543931
6.61307
6.676899
6.732023
6.797712
6.837066
6.853773
6.900183
6.951172
7.011279
7.058747
7.079206
7.085968
7.099642
7.130588
7.156871
7.2156
7.259511
7.291512
7.324221
7.358431
7.399144
7.42774
7.453583
7.475869
7.500779
7.534968
7.565557
7.591333
7.616574
7.640832
7.664385
7.684913
7.709564
7.733254
7.761697
7.791374
7.827626
7.86472
7.893893
7.958532
7.888829
7.995894
8.027404
8.05306
8.077419
8.096766
8.114805
8.134997
8.144802
8.1592
8.151666
8.167104
8.198699
8.216081
8.237555
8.256993
8.273405
3.996091
3.99861
3.997446
4.000766
4.045381
4.080005
4.180961
4.257971
4.351327
4.382342
4.369349
4.409643
4.489571
4.454785
4.438298
4.374399
4.362404
4.363084
4.443379
4.483038
4.519334
4.554716
4.549982
4.642446
4.679224
4.696387
4.713288
4.742143
4.749429
4.752348
4.783069
4.812019
4.845939
4.879679
4.9303
4.978817
5.012343
5.029903
5.05772
5.058444
5.077065
5.094263
5.186802
5.240933
5.299119
5.352
5.39952
5.456098
5.490667
5.5029
5.55036
5.600623
5.655439
5.718949
5.746817
5.754513
5.765205
5.79141
5.81157
5.869017
5.913763
5.948651
5.983441
6.020486
6.06556
6.097711
6.126147
6.151322
6.176669
6.211106
6.243154
6.270361
6.293011
6.312825
6.334682
6.35613
6.380677
6.403522
6.431496
6.460052
6.493331
6.528175
6.555803
6.614907
6.577599
6.65899
6.683837
6.709432
6.73294
6.753665
6.775343
6.796587
6.802652
6.816236
6.808676
6.825782
6.855572
6.87316
6.892444
6.908768
6.926213
2.875112
2.843582
2.801506
2.783941
2.828354
2.872189
2.975184
3.066427
3.172046
3.219858
3.222697
3.252213
3.343096
3.311514
3.298085
3.215454
3.203953
3.201986
3.279033
3.318505
3.336563
3.356755
3.35133
3.432407
3.476424
3.457633
3.453804
3.481957
3.472501
3.466264
3.498
3.537105
3.575182
3.61133
3.654828
3.702526
3.740676
3.769949
3.804554
3.793514
3.809693
3.823219
3.896597
3.938004
3.985287
4.027184
4.067027
4.114548
4.144437
4.152117
4.200581
4.250083
4.29961
4.379156
4.414437
4.423065
4.430772
4.45224
4.466269
4.522437
4.568021
4.605792
4.642663
4.682543
4.731979
4.767685
4.798716
4.826779
4.85256
4.887247
4.920755
4.949392
4.96945
4.984819
5.00498
5.027349
5.051792
5.073792
5.101295
5.128734
5.159036
5.19163
5.217715
5.271283
5.266369
5.322086
5.340273
5.365805
5.388461
5.410566
5.435882
5.458179
5.460504
5.473273
5.465688
5.484461
5.512445
5.53024
5.547335
5.560544
5.579022
2.013532
1.98935
1.9528
1.936531
1.972214
2.020441
2.109255
2.175045
2.245627
2.274901
2.27831
2.300883
2.376102
2.349039
2.34859
2.265391
2.249862
2.233876
2.289564
2.321028
2.330587
2.340242
2.329167
2.385052
2.411796
2.373295
2.363547
2.387388
2.384265
2.376942
2.395617
2.422796
2.452969
2.482498
2.516858
2.548873
2.575463
2.597713
2.631329
2.638706
2.655087
2.663303
2.716641
2.750941
2.789481
2.824689
2.856608
2.88892
2.906523
2.909799
2.946823
2.97891
3.003039
3.072215
3.114362
3.131824
3.147798
3.171035
3.184214
3.232932
3.274372
3.308398
3.343633
3.381097
3.427761
3.460198
3.486248
3.509451
3.529718
3.557664
3.586771
3.614158
3.635767
3.656515
3.677652
3.698141
3.718044
3.73582
3.758133
3.779845
3.803122
3.827492
3.847708
3.892914
3.900769
3.945967
3.963918
3.987662
4.007123
4.026301
4.048493
4.067049
4.075863
4.090301
4.085759
4.105897
4.132058
4.148776
4.164511
4.174686
4.190078
1.151953
1.135126
1.104102
1.089128
1.116081
1.168698
1.243335
1.28367
1.319224
1.329956
1.33393
1.349569
1.409121
1.38658
1.399112
1.315341
1.295782
1.265777
1.300129
1.323566
1.324626
1.323844
1.307309
1.338232
1.347998
1.290317
1.274945
1.294701
1.298246
1.29028
1.296165
1.311493
1.333941
1.356817
1.381812
1.398239
1.413324
1.428562
1.46114
1.48769
1.504771
1.508393
1.541666
1.56882
1.598647
1.627542
1.651449
1.668548
1.674247
1.673169
1.698349
1.712666
1.710586
1.767959
1.816895
1.843709
1.868749
1.894342
1.907462
1.948665
1.985515
2.015268
2.048547
2.083169
2.126413
2.154932
2.175256
2.192847
2.207036
2.227515
2.251605
2.277452
2.301089
2.328368
2.350705
2.368881
2.383682
2.396819
2.41344
2.428899
2.444654
2.460068
2.473804
2.510232
2.52869
2.564927
2.583588
2.605378
2.621329
2.636924
2.654997
2.669122
2.685689
2.702061
2.701012
2.722493
2.746775
2.762278
2.77679
2.783963
2.795728
