23.10176
23.07447
23.08984
23.08661
23.11132
23.14375
23.1529
23.24242
23.40783
23.49402
23.59044
23.58017
23.48912
23.37639
23.32538
23.2932
23.23052
23.08014
23.07232
23.13378
23.13303
23.27878
23.48594
23.65486
23.95564
24.09442
24.14907
24.24896
24.42126
24.6418
24.58755
24.58727
24.56233
24.52734
24.57054
24.69742
24.80439
24.78126
24.75237
24.69886
24.67151
24.67384
24.64951
24.61132
24.57508
24.56136
24.55637
24.61562
24.56163
24.64729
24.74762
24.84915
24.9142
25.09978
25.37754
25.53376
25.71261
25.94207
25.9823
25.98238
25.9904
26.00134
26.02031
26.00063
25.98241
25.95825
25.94084
25.9456
25.96399
25.97565
25.98824
26.00366
26.0474
26.07668
26.09367
26.10877
26.10271
26.0937
26.08252
26.06761
26.05304
26.0402
26.02109
26.03972
26.04942
26.07401
26.08026
26.08405
26.07137
26.05772
26.03992
26.01389
26.00138
26.00432
26.0092
26.03601
26.04354
26.05204
26.06519
26.08304
26.10777
21.54058
21.5458
21.56483
21.57046
21.58159
21.61086
21.60475
21.68918
21.8485
21.93245
22.01816
22.02753
21.97626
21.91885
21.94384
21.89937
21.85649
21.81898
21.88098
21.96404
22.0475
22.18314
22.24153
22.3032
22.5415
22.68016
22.75111
22.86401
22.99781
23.19636
23.13029
23.13952
23.17769
23.20269
23.25265
23.37745
23.50903
23.52176
23.52897
23.45266
23.43376
23.42425
23.435
23.48832
23.48773
23.4942
23.50785
23.55262
23.47493
23.55052
23.60373
23.66336
23.66723
23.74312
23.99392
24.12111
24.24038
24.40359
24.42984
24.4259
24.43022
24.43821
24.45044
24.43253
24.41505
24.39401
24.37919
24.38276
24.3968
24.40798
24.42269
24.43964
24.48244
24.51107
24.5304
24.54655
24.54411
24.53151
24.51579
24.49842
24.48466
24.47249
24.45327
24.47517
24.48657
24.51002
24.51594
24.52014
24.50725
24.49225
24.47718
24.46153
24.44785
24.45344
24.46066
24.48744
24.50145
24.50995
24.51887
24.52597
24.54342
19.81918
19.9164
19.96431
20.04664
20.05996
20.09466
20.14335
20.23717
20.31326
20.36326
20.42654
20.4734
20.51607
20.56594
20.66351
20.59995
20.55583
20.54008
20.63089
20.71595
20.82887
20.81497
20.8159
20.87011
21.11349
21.29736
21.45695
21.52485
21.67551
21.80799
21.73903
21.7022
21.79456
21.86905
21.898
21.96361
22.04609
22.04989
22.03299
21.99684
21.99815
22.01533
22.04589
22.14752
22.18849
22.24923
22.26174
22.24193
22.1531
22.18114
22.20948
22.25388
22.20372
22.18759
22.3801
22.48845
22.52567
22.61593
22.6172
22.6077
22.60141
22.60349
22.60634
22.60332
22.59301
22.57275
22.56613
22.5646
22.56148
22.5629
22.57909
22.60332
22.64338
22.66942
22.69998
22.72226
22.72873
22.71384
22.67921
22.64786
22.63643
22.6259
22.6114
22.64562
22.66408
22.69003
22.68925
22.68885
22.68155
22.66187
22.65515
22.66738
22.65398
22.65394
22.65548
22.65775
22.66308
22.64995
22.64609
22.64402
22.65741
18.45703
18.60014
18.66942
18.73975
18.81458
18.89655
19.00742
19.08286
19.10519
19.11796
19.15714
19.2448
19.33181
19.40023
19.5201
19.4558
19.39292
19.39795
19.51124
19.57288
19.62753
19.535
19.53841
19.61508
19.80792
19.97148
20.12092
20.14124
20.26436
20.33715
20.33722
20.344
20.41623
20.48528
20.47357
20.47325
20.5271
20.53596
20.50417
20.51734
20.55734
20.58998
20.6105
20.70876
20.75327
20.84599
20.84553
20.81408
20.73315
20.75048
20.78397
20.83726
20.8014
20.74617
20.8332
20.88793
20.93065
20.986
20.98697
20.99513
21.00234
21.02319
21.03068
21.02079
21.00331
20.98675
21.00092
21.00714
21.00476
20.97596
20.97429
20.98639
21.02362
21.05783
21.10023
21.13051
21.13711
21.131
21.10311
21.09899
21.10024
21.08733
21.06632
21.09686
21.10481
21.10888
21.12445
21.13055
21.15247
21.13351
21.12683
21.15299
21.13191
21.13336
21.10737
21.07916
21.11521
21.06384
21.04575
21.02537
21.04267
17.42644
17.53692
17.58895
17.61597
17.69311
17.79679
17.93796
17.9697
17.9666
17.98398
18.00762
18.112
18.19612
18.25777
18.35705
18.33215
18.29513
18.33198
18.43677
18.46404
18.45712
18.39252
18.37552
18.44378
18.55762
18.68094
18.79019
18.77886
18.88089
18.93321
19.00248
19.07004
19.13496
19.18707
19.16172
19.11381
19.12745
19.16518
19.19367
19.18463
19.23816
19.27162
19.27051
19.35425
19.3869
19.50005
19.48583
19.4547
19.44321
19.43071
19.46604
19.56881
19.56349
19.48011
19.49694
19.50763
19.60062
19.63804
19.66051
19.68821
19.71279
19.75392
19.76633
19.75508
19.74655
19.75331
19.78865
19.78809
19.78542
19.73926
19.71119
19.70004
19.72736
19.76657
19.7942
19.82297
19.84424
19.86081
19.86911
19.91749
19.93346
19.92931
19.8985
19.88452
19.87529
19.8525
19.89116
19.90088
19.94002
19.93418
19.92963
19.96332
19.95817
19.96218
19.91865
19.87109
19.92552
19.87152
19.85663
19.85738
19.84432
16.50514
16.56399
16.58371
16.57381
16.63575
16.73616
16.87704
16.87901
16.86259
16.8915
16.91611
16.99773
17.07694
17.1322
17.19983
17.22425
17.22554
17.27848
17.35647
17.34993
17.29591
17.27996
17.22962
17.26896
17.33404
17.45925
17.53648
17.48778
17.56043
17.61963
17.74492
17.86695
17.93367
17.97493
17.97112
17.89266
17.86157
17.91702
18.0149
17.97475
18.04785
18.08448
18.05054
18.11109
18.12038
18.25202
18.21436
18.17954
18.26404
18.20293
18.23051
18.38841
18.39995
18.33243
18.33506
18.32594
18.42376
18.45316
18.50349
18.55391
18.5889
18.63717
18.64606
18.64972
18.66709
18.70345
18.74663
18.73074
18.72325
18.69184
18.64846
18.62396
18.63459
18.67236
18.6753
18.68929
18.73283
18.77817
18.82812
18.89996
18.91622
18.92446
18.90129
18.84395
18.83241
18.82094
18.8653
18.86547
18.89559
18.90175
18.91685
18.96649
18.99525
18.98596
18.92986
18.88091
18.90402
18.88664
18.87762
18.92877
18.8462
15.60948
15.61576
15.60711
15.57709
15.65637
15.74004
15.86162
15.84151
15.83222
15.86185
15.90202
15.92702
15.99657
16.03038
16.09609
16.14546
16.17316
16.22582
16.28273
16.23403
16.16338
16.18039
16.10654
16.07594
16.09898
16.28081
16.34739
16.28695
16.28569
16.33828
16.4737
16.64373
16.69511
16.7438
16.78644
16.70409
16.70704
16.76142
16.7103
16.79375
16.87943
16.92616
16.91939
16.95333
16.95031
17.05024
16.99879
16.97368
17.07215
17.01498
17.04201
17.2144
17.23329
17.19936
17.22875
17.21729
17.27762
17.31072
17.34475
17.40273
17.43597
17.48285
17.48964
17.50805
17.52926
17.57815
17.6201
17.60924
17.61043
17.60076
17.57927
17.57553
17.56945
17.58586
17.58124
17.58201
17.6062
17.63631
17.68383
17.74994
17.77489
17.78782
17.78321
17.7386
17.7465
17.73415
17.79346
17.78934
17.7992
17.79795
17.82994
17.89119
17.94624
17.9612
17.90564
17.88941
17.88912
17.87169
17.84878
17.88876
17.82827
14.75346
14.70898
14.66069
14.64147
14.70239
14.77179
14.88112
14.87496
14.87039
14.89011
14.91562
14.93764
14.97755
14.99658
15.05165
15.10134
15.13715
15.19571
15.22896
15.13337
15.09883
15.12654
15.03706
14.96655
14.9324
15.1072
15.16466
15.11459
15.07359
15.11397
15.24539
15.41927
15.47494
15.51517
15.57583
15.52267
15.55881
15.60397
15.57086
15.65702
15.71526
15.74434
15.75751
15.77064
15.7524
15.84033
15.79555
15.77577
15.86279
15.84118
15.8705
16.05817
16.08172
16.08194
16.10409
16.06497
16.11401
16.14026
16.17155
16.23575
16.2724
16.31993
16.33105
16.34999
16.37099
16.41317
16.45033
16.44284
16.44999
16.45229
16.44545
16.45984
16.46135
16.47653
16.47832
16.47841
16.48489
16.50024
16.53204
16.58956
16.62155
16.63808
16.63791
16.60387
16.61291
16.61027
16.66623
16.66271
16.66628
16.66746
16.69924
16.75542
16.81106
16.82828
16.80005
16.81366
16.80464
16.81089
16.79305
16.81461
16.77788
13.91096
13.81629
13.72448
13.72668
13.75699
13.81317
13.91314
13.93408
13.93306
13.93882
13.93911
13.9777
13.98071
13.98744
14.02844
14.06945
14.10685
14.17363
14.18218
14.03755
14.05954
14.09016
13.988
13.88887
13.79197
13.93476
13.98373
13.9526
13.8862
13.91317
14.03495
14.19391
14.2614
14.28572
14.35198
14.34155
14.41153
14.44577
14.5078
14.54048
14.55275
14.55118
14.5801
14.57479
14.54002
14.62506
14.59625
14.58019
14.64457
14.6726
14.70524
14.90894
14.93633
14.97125
14.97094
14.89313
14.94156
14.95622
14.9915
15.06144
15.10396
15.15308
15.17147
15.18427
15.20318
15.22968
15.26038
15.25547
15.26737
15.27706
15.28158
15.31289
15.33331
15.35655
15.37116
15.3762
15.36536
15.366
15.37605
15.42367
15.46188
15.48162
15.47935
15.45515
15.45674
15.46873
15.5125
15.5118
15.51582
15.52436
15.54799
15.59135
15.63544
15.64441
15.65621
15.69802
15.6871
15.72816
15.72443
15.72394
15.71201
13.03408
12.9346
12.84966
12.84227
12.80251
12.8646
12.94066
12.98103
12.99712
12.99966
12.98368
13.00197
12.99627
13.00067
13.01021
13.02957
13.05954
13.12922
13.13379
12.99001
12.98845
13.0294
12.94204
12.85657
12.73552
12.81585
12.84861
12.82522
12.76947
12.77018
12.85568
12.99614
13.05576
13.07495
13.11937
13.11567
13.20509
13.23122
13.27157
13.29641
13.31573
13.32843
13.36479
13.34657
13.31287
13.41746
13.39868
13.38301
13.44928
13.48634
13.53208
13.74223
13.76437
13.81001
13.77736
13.67853
13.71608
13.72402
13.7775
13.83743
13.87804
13.91803
13.93228
13.9506
13.96291
13.98618
14.01872
14.02728
14.04517
14.05346
14.06056
14.09285
14.12937
14.16805
14.18637
14.19396
14.18717
14.19425
14.20638
14.25478
14.28807
14.30891
14.31627
14.3159
14.32417
14.33226
14.34579
14.34501
14.3381
14.35878
14.38034
14.40832
14.43627
14.44647
14.46486
14.50561
14.50929
14.55217
14.56365
14.58189
14.59038
12.15553
12.05352
11.97784
11.95922
11.84728
11.91635
11.96809
12.0275
12.06152
12.06186
12.03002
12.02585
12.0126
12.01488
11.99198
11.98862
12.01041
12.08307
12.08545
11.9455
11.91499
11.96702
11.89625
11.82737
11.68548
11.70133
11.71709
11.70064
11.65886
11.63236
11.67843
11.80076
11.85016
11.86487
11.88435
11.88318
11.99069
12.00822
12.01328
12.03729
12.06892
12.10166
12.14417
12.11341
12.08304
12.20987
12.20014
12.18432
12.2557
12.29771
12.35799
12.57308
12.58938
12.64321
12.57603
12.45879
12.48322
12.48524
12.5588
12.60672
12.64444
12.67392
12.68261
12.70802
12.71308
12.73465
12.77009
12.79356
12.81751
12.82312
12.83157
12.86263
12.91504
12.97021
12.99102
13.00077
13.00081
13.01702
13.03434
13.08493
13.11176
13.13335
13.15186
13.17703
13.19377
13.19576
13.1769
13.17596
13.15668
13.19002
13.21041
13.2226
13.23376
13.24639
13.26655
13.30223
13.32262
13.36287
13.38967
13.43247
13.46052
11.13277
11.07736
11.05885
11.02235
10.91351
10.95572
11.00732
11.02882
11.03395
11.02657
10.98917
10.96982
10.95786
10.97363
10.96368
10.93146
10.94059
10.94635
10.95284
10.84944
10.81502
10.82246
10.77687
10.72109
10.58449
10.56499
10.56111
10.54603
10.53456
10.50664
10.54519
10.64055
10.66719
10.68311
10.6927
10.68084
10.78277
10.78534
10.79011
10.80272
10.82734
10.86568
10.91101
10.85999
10.8331
10.96932
10.98091
10.99246
11.12452
11.11148
11.15857
11.36615
11.35512
11.42813
11.33911
11.23473
11.22962
11.22928
11.30568
11.34742
11.38532
11.41203
11.42099
11.44702
11.45935
11.47369
11.49694
11.51673
11.53986
11.55123
11.56184
11.59036
11.64536
11.69906
11.71835
11.72539
11.73466
11.76183
11.7918
11.84756
11.8739
11.89588
11.911
11.93347
11.95158
11.95192
11.93888
11.93761
11.91682
11.95258
11.97832
11.98051
11.98892
12.01461
12.03853
12.06568
12.09045
12.12422
12.15195
12.19557
12.22007
10.0963
10.09212
10.13527
10.08013
9.981638
9.993386
10.04759
10.0257
9.996554
9.980506
9.938639
9.905014
9.895401
9.926347
9.934603
9.872202
9.867958
9.797443
9.809494
9.748817
9.713311
9.667758
9.648631
9.605848
9.477681
9.426697
9.403049
9.388199
9.408443
9.382241
9.418471
9.485579
9.487659
9.505536
9.507376
9.484438
9.576347
9.562537
9.572339
9.571051
9.585822
9.627101
9.674684
9.602337
9.578531
9.721982
9.756418
9.798293
10.00145
9.924255
9.954213
10.15208
10.11005
10.20387
10.09548
10.00906
9.972819
9.9703
10.04592
10.08239
10.12099
10.14646
10.15681
10.1823
10.20475
10.21083
10.21892
10.23133
10.25226
10.27107
10.28405
10.30978
10.36479
10.41361
10.43075
10.43421
10.45312
10.49147
10.53545
10.59683
10.62383
10.64611
10.65499
10.66894
10.68686
10.68608
10.68683
10.68505
10.66487
10.70098
10.73335
10.72669
10.73517
10.7762
10.80436
10.82214
10.84883
10.87511
10.90071
10.94032
10.95645
8.982163
9.017795
9.096381
9.033142
8.961771
8.959229
8.997885
8.945498
8.911187
8.899181
8.862655
8.819831
8.79399
8.829739
8.850789
8.773698
8.75511
8.648081
8.620592
8.597726
8.560443
8.498787
8.495349
8.454845
8.344101
8.285848
8.265639
8.253458
8.293633
8.264258
8.288925
8.324585
8.337502
8.35791
8.34727
8.318097
8.38711
8.363114
8.372136
8.364519
8.367155
8.403651
8.445175
8.357298
8.333043
8.474063
8.550174
8.608256
8.850863
8.732378
8.752262
8.936812
8.856865
8.953198
8.835814
8.762709
8.721622
8.718328
8.775325
8.805166
8.843391
8.869439
8.886111
8.911174
8.935539
8.933822
8.93793
8.951066
8.974403
8.999301
9.012193
9.034647
9.083734
9.125691
9.142692
9.144794
9.168413
9.212899
9.261036
9.321249
9.346323
9.365568
9.36833
9.380335
9.39679
9.394919
9.403711
9.402827
9.386962
9.419336
9.455018
9.449448
9.45898
9.504587
9.539614
9.554961
9.582385
9.601487
9.620212
9.653539
9.665848
7.80946
7.876622
7.971718
7.907781
7.876069
7.871806
7.880032
7.80551
7.788589
7.789998
7.766216
7.718001
7.661605
7.695251
7.725813
7.647038
7.613677
7.504638
7.394949
7.407906
7.366077
7.318493
7.322851
7.275645
7.189307
7.14333
7.145093
7.137913
7.189017
7.152689
7.158006
7.159268
7.213739
7.237362
7.210598
7.177467
7.212213
7.18372
7.18717
7.180856
7.170252
7.195342
7.223686
7.124956
7.097633
7.226158
7.356332
7.420093
7.672063
7.533468
7.549649
7.718862
7.594336
7.676889
7.559496
7.494958
7.475637
7.472641
7.493886
7.515634
7.552277
7.580509
7.608462
7.633217
7.651242
7.642329
7.653899
7.676138
7.706851
7.736578
7.746882
7.765532
7.802191
7.835177
7.854347
7.857706
7.881038
7.926488
7.968526
8.020444
8.040673
8.053316
8.05003
8.067163
8.0812
8.078047
8.088331
8.089505
8.08187
8.106256
8.141635
8.14733
8.158588
8.197107
8.241866
8.262248
8.289418
8.30157
8.308116
8.332541
8.34577
6.636757
6.735449
6.847055
6.782421
6.790367
6.784383
6.762178
6.665521
6.66599
6.680814
6.669777
6.616172
6.529221
6.560761
6.600834
6.52038
6.47225
6.361207
6.169396
6.218095
6.171714
6.138204
6.150354
6.096447
6.034514
6.000813
6.024546
6.022369
6.084402
6.04112
6.027087
5.993951
6.089978
6.116814
6.073928
6.036839
6.037316
6.004326
6.002203
5.997194
5.973351
5.987034
6.0022
5.892632
5.862319
5.978456
6.162472
6.231919
6.493264
6.334561
6.347038
6.500912
6.331807
6.400579
6.283179
6.227208
6.229653
6.226954
6.212447
6.226102
6.261163
6.29158
6.330812
6.35526
6.366945
6.350838
6.369868
6.40121
6.439301
6.473855
6.481572
6.496417
6.520648
6.544662
6.566002
6.570617
6.593662
6.640079
6.676016
6.719639
6.735024
6.741065
6.731731
6.753992
6.765609
6.761174
6.772951
6.776184
6.776779
6.793175
6.828252
6.845212
6.858198
6.889628
6.944117
6.969535
6.996451
7.001652
6.996021
7.011544
7.025691
5.539619
5.588912
5.658618
5.628245
5.598911
5.591308
5.56994
5.496407
5.513357
5.5349
5.52821
5.459516
5.379692
5.372502
5.376485
5.327568
5.271971
5.185599
5.043605
5.074019
5.014913
5.000438
5.025359
4.977495
4.91764
4.906806
4.9345
4.93401
4.992741
4.985221
4.981494
4.971205
5.028128
5.03403
4.981915
4.945371
4.91253
4.878362
4.866816
4.862621
4.833621
4.82887
4.833617
4.764859
4.760157
4.860133
5.039837
5.100527
5.335059
5.169618
5.175713
5.305034
5.135172
5.192202
5.072158
5.030737
5.031384
5.02249
4.990153
4.997801
5.024651
5.046431
5.081066
5.110132
5.122893
5.105051
5.117022
5.148982
5.184937
5.211723
5.217484
5.228098
5.256884
5.284509
5.307671
5.317244
5.340432
5.377029
5.402098
5.43119
5.443168
5.450914
5.448138
5.469141
5.473223
5.470473
5.475971
5.47933
5.477831
5.488224
5.520889
5.540803
5.554894
5.57831
5.62378
5.646577
5.669166
5.67637
5.671552
5.683713
5.694507
4.444543
4.442138
4.468537
4.473959
4.404788
4.394979
4.374947
4.326429
4.359313
4.387184
4.384931
4.300416
4.229516
4.182403
4.148908
4.132693
4.069598
4.007313
3.920621
3.928311
3.858208
3.865281
3.902171
3.860241
3.801919
3.814414
3.845227
3.846428
3.901843
3.931615
3.940086
3.95674
3.970152
3.954087
3.893898
3.858101
3.792308
3.756975
3.735841
3.732894
3.699574
3.676196
3.671102
3.645798
3.667359
3.751728
3.924963
3.975165
4.179625
4.008065
4.007264
4.110457
3.944289
3.98977
3.867287
3.840697
3.837383
3.822096
3.773721
3.775618
3.79376
3.806087
3.834547
3.868863
3.883422
3.864226
3.867577
3.899285
3.932052
3.949586
3.953426
3.959826
3.995396
4.028073
4.052804
4.067698
4.091144
4.11683
4.130608
4.144549
4.1534
4.163901
4.169152
4.188095
4.183928
4.183243
4.181574
4.184908
4.179864
4.184299
4.214231
4.236164
4.251312
4.26655
4.300408
4.319547
4.337275
4.347624
4.345475
4.355123
4.36202
3.356862
3.314327
3.305663
3.342017
3.240808
3.229177
3.210039
3.182273
3.226994
3.258367
3.259983
3.16272
3.103752
3.023042
2.95823
2.970307
2.902491
2.863393
2.823218
2.810917
2.733281
2.760444
2.806793
2.768109
2.712983
2.746495
2.778798
2.780307
2.829602
2.89016
2.908509
2.949044
2.922732
2.88698
2.819766
2.784262
2.687584
2.652204
2.621576
2.620016
2.583457
2.544088
2.530203
2.544338
2.587717
2.653827
2.818155
2.857707
3.031754
2.85628
2.848768
2.925683
2.764087
2.798341
2.674111
2.661046
2.652225
2.629936
2.566357
2.562639
2.572239
2.575197
2.59713
2.635128
2.650862
2.630561
2.625933
2.657076
2.686548
2.695016
2.696873
2.698827
2.740262
2.777261
2.803226
2.823282
2.84651
2.861121
2.863631
2.862379
2.867958
2.88082
2.893737
2.910699
2.89854
2.899814
2.891322
2.894441
2.885854
2.884791
2.91202
2.935837
2.951732
2.958821
2.980893
2.996305
3.00914
3.022108
3.022269
3.029155
3.03219
2.327508
2.33468
2.35104
2.373855
2.304173
2.295844
2.276144
2.232258
2.261864
2.278145
2.27424
2.186556
2.150901
2.078999
2.017821
2.024426
1.972997
1.945976
1.91612
1.891356
1.826238
1.857455
1.905807
1.864202
1.828284
1.869074
1.894939
1.891577
1.912907
1.954219
1.960846
1.98733
1.969347
1.943415
1.881729
1.849611
1.743804
1.722758
1.684485
1.675888
1.6377
1.601666
1.585796
1.599924
1.627325
1.664459
1.802154
1.833025
1.975664
1.83303
1.814229
1.858959
1.718798
1.740969
1.631628
1.61738
1.595906
1.564928
1.503721
1.505225
1.51698
1.520717
1.534428
1.544701
1.552146
1.54165
1.543309
1.566271
1.589792
1.596091
1.597879
1.596153
1.625091
1.652439
1.672605
1.692223
1.704433
1.707636
1.701262
1.687262
1.68611
1.691362
1.703996
1.723662
1.713946
1.719623
1.711063
1.709076
1.702124
1.709675
1.730181
1.74977
1.762296
1.769649
1.781622
1.793935
1.802111
1.806228
1.79781
1.794095
1.794483
1.298155
1.355033
1.396417
1.405692
1.367538
1.362512
1.34225
1.282242
1.296733
1.297923
1.288497
1.210391
1.198049
1.134957
1.077413
1.078545
1.043503
1.028559
1.009022
0.9717953
0.9191961
0.9544665
1.00482
0.9602956
0.9435855
0.9916517
1.01108
1.002846
0.9962127
1.018278
1.013183
1.025615
1.01596
0.9998499
0.9436898
0.9149581
0.8000229
0.7933118
0.7473924
0.73176
0.6919438
0.6592445
0.6413882
0.6555114
0.6669318
0.6750916
0.7861525
0.8083436
0.9195722
0.8097801
0.7796882
0.7922322
0.673482
0.6834921
0.5891394
0.5737116
0.5395867
0.4999192
0.4410851
0.4478119
0.4617209
0.4662375
0.4717254
0.4542745
0.4534301
0.452739
0.4606858
0.4754657
0.4930348
0.4971654
0.4988844
0.493478
0.5099211
0.527616
0.541984
0.5611644
0.5623558
0.5541521
0.538893
0.5121452
0.5042621
0.5019037
0.5142555
0.5366244
0.5293518
0.5394334
0.5308036
0.523711
0.5183954
0.5345586
0.5483419
0.5637035
0.5728623
0.5804796
0.5823526
0.5915656
0.5950817
0.5903475
0.5733509
0.5590348
0.5567772
